Found 272 results:
linear: [2, 1, 6, 4, 5, 3, 7, 8, 9]
linear: [2, 7, 6, 4, 3, 5, 1, 8, 9]
linear: [5, 7, 4, 1, 8, 6, 3, 2, 9]
linear: [1, 4, 2, 8, 5, 7, 6, 3, 9]
linear: [1, 8, 4, 7, 5, 2, 6, 3, 9]
linear: [7, 2, 1, 8, 4, 6, 5, 3, 9]
linear: [4, 6, 1, 7, 2, 8, 5, 3, 9]
pemdas: [4, 2, 6, 1, 7, 8, 5, 3, 9]
pemdas: [1, 2, 6, 4, 7, 8, 5, 3, 9]
linear: [4, 6, 1, 5, 2, 7, 8, 3, 9]
linear: [8, 2, 1, 6, 3, 5, 7, 4, 9]
linear: [1, 8, 7, 2, 6, 3, 5, 4, 9]
linear: [7, 1, 2, 8, 6, 3, 5, 4, 9]
linear: [8, 2, 1, 7, 3, 6, 5, 4, 9]
linear: [2, 1, 3, 6, 8, 7, 5, 4, 9]
linear: [2, 3, 5, 6, 7, 8, 1, 4, 9]
pemdas: [4, 2, 6, 1, 7, 8, 3, 5, 9]
pemdas: [1, 2, 6, 4, 7, 8, 3, 5, 9]
linear: [3, 1, 4, 8, 5, 2, 7, 6, 9]
linear: [5, 8, 3, 1, 2, 4, 7, 6, 9]
linear: [8, 7, 3, 1, 2, 4, 5, 6, 9]
linear: [7, 1, 2, 4, 5, 8, 3, 6, 9]
linear: [1, 2, 4, 7, 5, 8, 3, 6, 9]
linear: [3, 7, 8, 5, 4, 1, 2, 6, 9]
pemdas: [1, 3, 2, 9, 5, 6, 4, 7, 8]
pemdas: [9, 3, 2, 1, 5, 6, 4, 7, 8]
pemdas: [2, 9, 6, 3, 5, 1, 4, 7, 8]
pemdas: [3, 9, 6, 2, 5, 1, 4, 7, 8]
pemdas: [1, 3, 4, 7, 6, 5, 2, 9, 8]
pemdas: [7, 3, 4, 1, 6, 5, 2, 9, 8]
pemdas: [9, 1, 4, 7, 6, 5, 3, 2, 8]
pemdas: [7, 1, 4, 9, 6, 5, 3, 2, 8]
pemdas: [1, 3, 4, 7, 6, 5, 9, 2, 8]
pemdas: [7, 3, 4, 1, 6, 5, 9, 2, 8]
linear: [4, 5, 1, 7, 3, 6, 9, 2, 8]
pemdas: [7, 9, 6, 1, 5, 2, 4, 3, 8]
pemdas: [1, 9, 6, 7, 5, 2, 4, 3, 8]
pemdas: [9, 1, 2, 5, 6, 7, 4, 3, 8]
pemdas: [5, 1, 2, 9, 6, 7, 4, 3, 8]
pemdas: [9, 1, 4, 7, 6, 5, 2, 3, 8]
pemdas: [7, 1, 4, 9, 6, 5, 2, 3, 8]
linear: [7, 3, 1, 9, 2, 5, 6, 4, 8]
linear: [1, 9, 7, 2, 5, 3, 6, 4, 8]
linear: [2, 6, 9, 1, 7, 3, 5, 4, 8]
linear: [3, 2, 6, 1, 9, 7, 5, 4, 8]
pemdas: [2, 3, 6, 1, 7, 9, 5, 4, 8]
pemdas: [1, 3, 6, 2, 7, 9, 5, 4, 8]
linear: [5, 7, 9, 1, 6, 2, 3, 4, 8]
pemdas: [7, 9, 6, 1, 5, 2, 3, 4, 8]
pemdas: [1, 9, 6, 7, 5, 2, 3, 4, 8]
pemdas: [9, 1, 2, 5, 6, 7, 3, 4, 8]
pemdas: [5, 1, 2, 9, 6, 7, 3, 4, 8]
linear: [7, 9, 5, 6, 3, 1, 2, 4, 8]
linear: [7, 1, 3, 9, 6, 5, 2, 4, 8]
pemdas: [1, 3, 2, 9, 5, 6, 7, 4, 8]
pemdas: [9, 3, 2, 1, 5, 6, 7, 4, 8]
linear: [2, 1, 5, 3, 9, 6, 7, 4, 8]
linear: [6, 2, 1, 5, 3, 9, 7, 4, 8]
pemdas: [2, 9, 6, 3, 5, 1, 7, 4, 8]
pemdas: [3, 9, 6, 2, 5, 1, 7, 4, 8]
pemdas: [3, 1, 4, 2, 7, 9, 6, 5, 8]
pemdas: [2, 1, 4, 3, 7, 9, 6, 5, 8]
pemdas: [2, 3, 6, 1, 7, 9, 4, 5, 8]
pemdas: [1, 3, 6, 2, 7, 9, 4, 5, 8]
pemdas: [3, 1, 4, 2, 7, 9, 5, 6, 8]
pemdas: [2, 1, 4, 3, 7, 9, 5, 6, 8]
linear: [7, 3, 9, 4, 5, 2, 1, 6, 8]
linear: [8, 5, 9, 1, 4, 2, 3, 6, 7]
linear: [9, 4, 3, 5, 2, 1, 8, 6, 7]
linear: [2, 5, 6, 4, 3, 9, 1, 8, 7]
linear: [6, 9, 3, 1, 4, 8, 5, 2, 7]
linear: [8, 4, 6, 5, 9, 3, 1, 2, 7]
linear: [3, 9, 4, 6, 5, 1, 8, 2, 7]
linear: [5, 4, 3, 9, 6, 1, 8, 2, 7]
linear: [5, 4, 1, 9, 3, 8, 6, 2, 7]
linear: [8, 6, 9, 3, 5, 2, 1, 4, 7]
linear: [2, 1, 5, 8, 6, 3, 9, 4, 7]
linear: [2, 1, 6, 3, 8, 5, 9, 4, 7]
linear: [8, 1, 3, 9, 5, 2, 6, 4, 7]
pemdas: [2, 4, 8, 1, 7, 9, 3, 5, 6]
pemdas: [1, 4, 8, 2, 7, 9, 3, 5, 6]
pemdas: [1, 3, 9, 4, 7, 8, 2, 5, 6]
pemdas: [4, 3, 9, 1, 7, 8, 2, 5, 6]
pemdas: [1, 3, 2, 4, 5, 8, 9, 7, 6]
pemdas: [4, 3, 2, 1, 5, 8, 9, 7, 6]
pemdas: [1, 5, 2, 3, 4, 8, 9, 7, 6]
pemdas: [3, 5, 2, 1, 4, 8, 9, 7, 6]
pemdas: [3, 2, 4, 8, 5, 1, 9, 7, 6]
pemdas: [8, 2, 4, 3, 5, 1, 9, 7, 6]
pemdas: [1, 5, 3, 9, 4, 2, 8, 7, 6]
pemdas: [9, 5, 3, 1, 4, 2, 8, 7, 6]
linear: [3, 7, 2, 5, 1, 9, 4, 8, 6]
pemdas: [9, 4, 1, 5, 2, 7, 3, 8, 6]
pemdas: [5, 4, 1, 9, 2, 7, 3, 8, 6]
linear: [1, 4, 7, 5, 3, 9, 2, 8, 6]
linear: [7, 3, 4, 9, 2, 5, 1, 8, 6]
pemdas: [5, 2, 1, 3, 4, 7, 9, 8, 6]
pemdas: [3, 2, 1, 5, 4, 7, 9, 8, 6]
linear: [5, 2, 4, 1, 3, 7, 9, 8, 6]
linear: [3, 5, 4, 1, 2, 7, 9, 8, 6]
linear: [1, 2, 7, 5, 3, 4, 9, 8, 6]
linear: [7, 2, 5, 1, 3, 4, 9, 8, 6]
pemdas: [1, 5, 3, 9, 4, 2, 7, 8, 6]
pemdas: [9, 5, 3, 1, 4, 2, 7, 8, 6]
linear: [5, 4, 9, 1, 3, 2, 7, 8, 6]
linear: [5, 1, 9, 2, 4, 3, 7, 8, 6]
linear: [3, 7, 2, 4, 1, 9, 5, 8, 6]
pemdas: [1, 5, 2, 8, 4, 7, 3, 9, 6]
pemdas: [8, 5, 2, 1, 4, 7, 3, 9, 6]
pemdas: [5, 2, 1, 3, 4, 7, 8, 9, 6]
pemdas: [3, 2, 1, 5, 4, 7, 8, 9, 6]
pemdas: [1, 5, 2, 3, 4, 8, 7, 9, 6]
pemdas: [3, 5, 2, 1, 4, 8, 7, 9, 6]
pemdas: [1, 3, 2, 4, 5, 8, 7, 9, 6]
pemdas: [4, 3, 2, 1, 5, 8, 7, 9, 6]
pemdas: [3, 2, 4, 8, 5, 1, 7, 9, 6]
pemdas: [8, 2, 4, 3, 5, 1, 7, 9, 6]
linear: [3, 5, 2, 7, 8, 9, 4, 1, 6]
pemdas: [8, 5, 2, 7, 4, 9, 3, 1, 6]
pemdas: [7, 5, 2, 8, 4, 9, 3, 1, 6]
linear: [7, 1, 3, 8, 9, 5, 4, 2, 6]
linear: [8, 4, 7, 3, 9, 5, 1, 2, 6]
linear: [3, 4, 8, 7, 9, 5, 1, 2, 6]
linear: [8, 4, 3, 9, 5, 7, 1, 2, 6]
linear: [1, 5, 7, 4, 9, 3, 8, 2, 6]
pemdas: [1, 3, 9, 4, 7, 8, 5, 2, 6]
pemdas: [4, 3, 9, 1, 7, 8, 5, 2, 6]
linear: [7, 2, 5, 1, 8, 9, 4, 3, 6]
linear: [1, 2, 7, 5, 8, 9, 4, 3, 6]
linear: [5, 4, 9, 1, 8, 7, 2, 3, 6]
pemdas: [8, 5, 2, 7, 4, 9, 1, 3, 6]
pemdas: [7, 5, 2, 8, 4, 9, 1, 3, 6]
pemdas: [1, 5, 2, 8, 4, 7, 9, 3, 6]
pemdas: [8, 5, 2, 1, 4, 7, 9, 3, 6]
pemdas: [9, 4, 1, 5, 2, 7, 8, 3, 6]
pemdas: [5, 4, 1, 9, 2, 7, 8, 3, 6]
linear: [7, 2, 8, 1, 9, 4, 5, 3, 6]
pemdas: [2, 4, 8, 1, 7, 9, 5, 3, 6]
pemdas: [1, 4, 8, 2, 7, 9, 5, 3, 6]
linear: [8, 9, 7, 1, 4, 2, 5, 3, 6]
linear: [2, 1, 5, 3, 7, 9, 8, 4, 6]
linear: [5, 1, 9, 3, 7, 2, 8, 4, 6]
linear: [1, 9, 3, 7, 2, 5, 8, 4, 6]
linear: [1, 9, 6, 2, 3, 7, 8, 4, 5]
linear: [4, 1, 6, 7, 3, 9, 2, 8, 5]
linear: [6, 3, 4, 7, 2, 9, 1, 8, 5]
linear: [7, 9, 4, 8, 6, 2, 3, 1, 5]
linear: [7, 6, 4, 2, 9, 8, 3, 1, 5]
linear: [3, 6, 4, 8, 9, 7, 2, 1, 5]
linear: [4, 9, 3, 2, 6, 7, 8, 1, 5]
linear: [4, 6, 3, 9, 7, 2, 8, 1, 5]
linear: [2, 9, 4, 3, 8, 6, 7, 1, 5]
linear: [9, 3, 2, 4, 8, 7, 6, 1, 5]
linear: [9, 7, 2, 8, 4, 3, 6, 1, 5]
linear: [9, 4, 8, 6, 7, 3, 1, 2, 5]
linear: [3, 1, 4, 9, 8, 6, 7, 2, 5]
pemdas: [9, 2, 8, 7, 6, 5, 1, 3, 4]
pemdas: [7, 2, 8, 9, 6, 5, 1, 3, 4]
pemdas: [8, 3, 2, 7, 5, 9, 1, 6, 4]
pemdas: [7, 3, 2, 8, 5, 9, 1, 6, 4]
pemdas: [8, 7, 2, 5, 3, 9, 1, 6, 4]
pemdas: [5, 7, 2, 8, 3, 9, 1, 6, 4]
linear: [9, 5, 3, 7, 1, 2, 8, 6, 4]
pemdas: [8, 9, 2, 3, 1, 5, 7, 6, 4]
pemdas: [3, 9, 2, 8, 1, 5, 7, 6, 4]
linear: [9, 5, 3, 8, 1, 2, 7, 6, 4]
pemdas: [6, 2, 8, 3, 5, 1, 9, 7, 4]
pemdas: [3, 2, 8, 6, 5, 1, 9, 7, 4]
pemdas: [6, 9, 3, 5, 2, 1, 8, 7, 4]
pemdas: [5, 9, 3, 6, 2, 1, 8, 7, 4]
pemdas: [9, 3, 1, 6, 2, 5, 8, 7, 4]
pemdas: [6, 3, 1, 9, 2, 5, 8, 7, 4]
pemdas: [8, 9, 2, 3, 1, 5, 6, 7, 4]
pemdas: [3, 9, 2, 8, 1, 5, 6, 7, 4]
linear: [2, 6, 3, 5, 1, 7, 9, 8, 4]
linear: [1, 3, 7, 5, 2, 6, 9, 8, 4]
pemdas: [7, 3, 1, 5, 2, 6, 9, 8, 4]
pemdas: [5, 3, 1, 7, 2, 6, 9, 8, 4]
linear: [5, 3, 2, 7, 1, 6, 9, 8, 4]
linear: [5, 1, 9, 2, 3, 6, 7, 8, 4]
linear: [5, 3, 2, 9, 1, 6, 7, 8, 4]
linear: [5, 1, 6, 2, 3, 9, 7, 8, 4]
pemdas: [6, 9, 3, 5, 2, 1, 7, 8, 4]
pemdas: [5, 9, 3, 6, 2, 1, 7, 8, 4]
linear: [2, 9, 5, 6, 1, 3, 7, 8, 4]
pemdas: [9, 3, 1, 6, 2, 5, 7, 8, 4]
pemdas: [6, 3, 1, 9, 2, 5, 7, 8, 4]
linear: [9, 3, 2, 5, 1, 7, 6, 8, 4]
linear: [2, 7, 3, 5, 1, 9, 6, 8, 4]
linear: [2, 9, 5, 7, 1, 3, 6, 8, 4]
linear: [2, 6, 3, 9, 1, 7, 5, 8, 4]
linear: [9, 3, 2, 6, 1, 7, 5, 8, 4]
linear: [2, 7, 3, 6, 1, 9, 5, 8, 4]
pemdas: [7, 3, 1, 5, 2, 6, 8, 9, 4]
pemdas: [5, 3, 1, 7, 2, 6, 8, 9, 4]
pemdas: [6, 2, 8, 3, 5, 1, 7, 9, 4]
pemdas: [3, 2, 8, 6, 5, 1, 7, 9, 4]
linear: [9, 6, 3, 8, 5, 7, 2, 1, 4]
linear: [9, 3, 2, 7, 6, 5, 8, 1, 4]
pemdas: [8, 7, 2, 5, 3, 9, 6, 1, 4]
pemdas: [5, 7, 2, 8, 3, 9, 6, 1, 4]
pemdas: [8, 3, 2, 7, 5, 9, 6, 1, 4]
pemdas: [7, 3, 2, 8, 5, 9, 6, 1, 4]
pemdas: [9, 2, 8, 7, 6, 5, 3, 1, 4]
pemdas: [7, 2, 8, 9, 6, 5, 3, 1, 4]
linear: [8, 6, 9, 7, 5, 3, 1, 2, 4]
linear: [8, 3, 9, 5, 7, 6, 1, 2, 4]
linear: [7, 9, 5, 8, 3, 6, 1, 2, 4]
linear: [3, 6, 8, 7, 5, 1, 9, 2, 4]
linear: [5, 1, 3, 9, 6, 7, 8, 2, 4]
linear: [5, 1, 6, 3, 9, 7, 8, 2, 4]
linear: [8, 1, 7, 3, 9, 5, 6, 2, 4]
linear: [1, 9, 7, 3, 5, 8, 6, 2, 4]
linear: [7, 1, 3, 9, 6, 8, 5, 2, 4]
linear: [5, 1, 6, 9, 7, 8, 3, 2, 4]
linear: [8, 1, 7, 5, 6, 4, 9, 2, 3]
linear: [1, 7, 8, 6, 4, 5, 9, 2, 3]
linear: [5, 4, 9, 1, 6, 8, 7, 2, 3]
linear: [7, 6, 8, 9, 2, 5, 1, 4, 3]
linear: [1, 6, 7, 8, 2, 5, 9, 4, 3]
linear: [8, 6, 9, 5, 2, 1, 7, 4, 3]
linear: [1, 9, 7, 5, 2, 8, 6, 4, 3]
pemdas: [9, 8, 6, 2, 4, 1, 7, 5, 3]
pemdas: [2, 8, 6, 9, 4, 1, 7, 5, 3]
linear: [7, 5, 8, 4, 2, 9, 1, 6, 3]
linear: [2, 8, 4, 5, 1, 7, 9, 6, 3]
linear: [1, 4, 7, 5, 2, 9, 8, 6, 3]
linear: [8, 1, 7, 9, 2, 4, 5, 6, 3]
linear: [9, 1, 4, 8, 2, 7, 5, 6, 3]
linear: [2, 8, 4, 9, 1, 7, 5, 6, 3]
linear: [7, 1, 4, 9, 2, 8, 5, 6, 3]
pemdas: [9, 8, 6, 2, 4, 1, 5, 7, 3]
pemdas: [2, 8, 6, 9, 4, 1, 5, 7, 3]
linear: [2, 7, 6, 5, 1, 4, 9, 8, 3]
linear: [2, 7, 6, 9, 1, 4, 5, 8, 3]
linear: [2, 6, 5, 4, 7, 8, 9, 1, 3]
linear: [5, 2, 4, 9, 8, 7, 6, 1, 3]
linear: [9, 2, 4, 7, 8, 6, 5, 1, 3]
linear: [7, 9, 8, 5, 6, 2, 4, 1, 3]
linear: [7, 2, 6, 8, 9, 5, 4, 1, 3]
linear: [7, 4, 8, 5, 9, 6, 2, 1, 3]
linear: [5, 4, 9, 3, 7, 6, 8, 1, 2]
pemdas: [3, 6, 4, 9, 5, 8, 7, 1, 2]
pemdas: [9, 6, 4, 3, 5, 8, 7, 1, 2]
linear: [3, 9, 6, 5, 4, 8, 7, 1, 2]
linear: [6, 8, 4, 5, 3, 9, 7, 1, 2]
linear: [8, 5, 9, 3, 6, 4, 7, 1, 2]
pemdas: [8, 6, 4, 7, 5, 9, 3, 1, 2]
pemdas: [7, 6, 4, 8, 5, 9, 3, 1, 2]
pemdas: [9, 4, 8, 5, 6, 7, 3, 1, 2]
pemdas: [5, 4, 8, 9, 6, 7, 3, 1, 2]
linear: [5, 7, 6, 9, 4, 8, 3, 1, 2]
pemdas: [1, 9, 6, 4, 5, 8, 7, 3, 2]
pemdas: [4, 9, 6, 1, 5, 8, 7, 3, 2]
pemdas: [8, 6, 4, 7, 5, 9, 1, 3, 2]
pemdas: [7, 6, 4, 8, 5, 9, 1, 3, 2]
pemdas: [9, 4, 8, 5, 6, 7, 1, 3, 2]
pemdas: [5, 4, 8, 9, 6, 7, 1, 3, 2]
linear: [5, 8, 6, 7, 1, 3, 9, 4, 2]
linear: [5, 8, 6, 9, 1, 3, 7, 4, 2]
linear: [7, 9, 5, 3, 1, 8, 6, 4, 2]
linear: [7, 9, 5, 6, 1, 8, 3, 4, 2]
pemdas: [1, 9, 6, 4, 5, 8, 3, 7, 2]
pemdas: [4, 9, 6, 1, 5, 8, 3, 7, 2]
pemdas: [3, 6, 4, 9, 5, 8, 1, 7, 2]
pemdas: [9, 6, 4, 3, 5, 8, 1, 7, 2]
linear: [7, 3, 6, 4, 1, 5, 9, 8, 2]
linear: [5, 4, 9, 6, 1, 3, 7, 8, 2]
linear: [5, 6, 9, 3, 1, 4, 7, 8, 2]
linear: [5, 4, 9, 7, 1, 3, 6, 8, 2]
linear: [7, 3, 6, 9, 1, 5, 4, 8, 2]
linear: [5, 6, 9, 7, 1, 4, 3, 8, 2]

Total pemdas results: 128
Total linear results: 144
